V1,V2,V3,V4,V5,V6
0.08574419467616912,0.23504128197651936,0.12194067459336615,0.2632807187385015,0.2804099912820602,0.013583138733383677
0.13757254793286594,0.23247696632566525,0.14364993675791543,0.11894906222560454,0.24925702202737673,0.11809446473057209
0.26664451611933243,0.2253485443276052,0.04050397223570086,0.35410831176962543,0.09684295838181385,0.016551697165922225
0.07287866115497793,0.21213343325653133,0.1976954507212818,0.1539719258811861,0.14234928232098665,0.22097124666503618
0.22312650166239725,0.24110191628115046,0.18513721997107005,0.20217730374166049,0.09839656853904388,0.05006048980467788
0.24988267102295936,0.2341258795347621,0.17922215665052396,0.20640552576735186,0.006386685839267583,0.1239770811851351
0.44989145036200623,0.0993443767415668,0.12357777217817807,0.07089396558531645,0.016221922056343707,0.24007051307658872
0.23337112294348705,0.20805611757370493,0.08599011396302354,0.07829688717724063,0.1314484694680583,0.26283728887448554
0.10501729079628142,0.33870680274302145,0.018096090453014597,0.17459936375091095,0.315449448951019,0.04813100330575258
0.1922485395276755,0.07078260225545664,0.043707748690987924,0.25817427091290274,0.30675065797601425,0.1283361806369629
0.22889307667063175,0.10242411991726459,0.0316877262465132,0.11053907399827165,0.15914335985283562,0.36731264331448327
0.19103830796885402,0.19158665200629396,0.187330565037139,0.10372595840632996,0.17792865118494144,0.1483898653964416
0.2288930767029397,0.10242411978529431,0.031687727612642824,0.11053907449311595,0.15914335730389975,0.3673126441021075
0.2294244690642002,0.10686794458805969,0.025024435532603268,0.10899933341964553,0.15721589463607355,0.3724679227594178
0.02958186615062962,0.1250666734108993,0.2832544238730987,0.2568240888067167,0.2549312185175689,0.050341729241086784
0.05701915530948564,0.2849315050161801,0.1498673663124557,0.28652661194016815,0.13977057278389265,0.08188478863781773
0.22889307699560366,0.10242411965109988,0.03168772658508216,0.11053907552425617,0.15914335804190996,0.3673126432020481
0.11259629205183425,0.21994954377375062,0.11128032941745558,0.20517286017944378,0.21072370580070462,0.14027726877681115
0.14653044732782375,0.05248207307468685,0.33370662332182044,0.10747578338618985,0.021664558066993522,0.33814051482248564
0.2147021542663239,0.04239668304035741,0.1636597402892477,0.2842721393905145,0.17444516692197246,0.12052411609158403
0.22825622041531757,0.11323983642775254,0.01973107227406713,0.10586461614941908,0.15464552742936957,0.37826272730407406
0.22941404794570386,0.10685431131994892,0.02507527909112088,0.10901820180850645,0.15722846258986514,0.3724096972448548
0.11806558637449747,0.32613024427861514,0.029721198025597143,0.10833047940401769,0.20678271546703267,0.2109697764502399
0.41966937527309967,0.18821375090922007,0.1335057586455255,0.17538299001749327,0.004483188429844029,0.0787449367248175
0.2288930787105869,0.1024241215409565,0.03168772606878427,0.11053907344233842,0.15914335589892967,0.3673126443384043
0.3416558363854486,0.20058110767736492,0.156387856568803,0.09935739305680935,0.04478920602249828,0.15722860028907584
0.24782804988345364,0.0939828493294106,0.19272456848979935,0.09445858823776808,0.21765384681795555,0.15335209724161278
0.22606058478574648,0.13032306201147856,0.12362157743226793,0.1856131750184901,0.2574834458569123,0.07689815489510465
0.13303891726499795,0.08563779901504696,0.20305686512730164,0.059252751930798486,0.2783751858731484,0.2406384807887066
0.1833524617024599,0.16956112711056473,0.10212828427182928,0.14536721341548703,0.2399803150312413,0.15961059846841777
0.2623325725687092,0.09760475971221726,0.22126072248066356,0.082788129959689,0.1856651155458845,0.1503486997328365
0.08179176494020224,0.17423828322619775,0.28181906465672,0.2783275019071625,0.08461057521652178,0.09921281005319572
0.24184278410729365,0.15212529293439256,0.2299850305493985,0.1144712738642781,0.09982289551823183,0.16175272302640534
0.05006964626056251,0.1882762581377522,0.07845876702035474,0.3162851431902994,0.19764251938529975,0.1692676660057314
0.17672475660956777,0.3864174286958656,0.15983186029166002,0.12653350678207465,0.07491116395283474,0.07558128366799723
0.20303750972492315,0.10654943887662169,0.09108703970655575,0.2840489634823319,0.02007603499356816,0.29520101321599934
0.09398046131965081,0.10921848954247115,0.21925511572366613,0.24540331238108257,0.07545609575747451,0.25668652527565483
0.25108977742712546,0.2366050039425702,0.01821619347184222,0.1362390097868543,0.16472131775688556,0.1931286976147223
0.21410682186733407,0.2807745602636793,0.18960403531241332,0.1313661933197537,0.16621722499837058,0.017931164238449038
0.09866042057592528,0.15020950259033294,0.07479036245264199,0.3146489004100247,0.05782450143161871,0.3038663125394564
0.17926835336954364,0.21713042009353703,0.056288650251054846,0.2075372411999546,0.10224159049366636,0.23753374459224352
0.11265025665061339,0.273721102155397,0.2731682023105184,0.20520194392248806,0.07263133613511152,0.06262715882587162
0.21570087764603443,0.09730213439259613,0.19315941496676908,0.2856240530977286,0.06112659999827731,0.14708691989859446
0.09882726528809078,0.18192734828188836,0.19399870195103472,0.18483421318123955,0.14128794237404738,0.19912452892369925
0.22459427247605135,0.2507196248781714,0.14626548416419793,0.15104636287944959,0.008708273166360154,0.21866598243576957
0.22889307725783978,0.10242412028625753,0.03168772518590211,0.11053907450617943,0.15914335965649223,0.367312643107329
0.31789211456574984,0.15257907989038372,0.024330530943912125,0.21222279676257602,0.2481292645867239,0.044846213250654396
0.2902753419145265,0.16467531579714317,0.04242207388507421,0.2897689093772244,0.047523491159923506,0.16533486786610824
0.026318159815952008,0.32291556880653716,0.14344030037730424,0.048523703637404214,0.034640570808052336,0.42416169655475006
0.21219706227926705,0.22974075868747956,0.27631159413465556,0.029146325534845433,0.027864047225529768,0.22474021213822262
0.22984451668867598,0.00276252906778226,0.22823052030384702,0.21367795929746014,0.18459969022523953,0.14088478441699506
0.2288930735114391,0.10242411961333515,0.031687727525117004,0.1105390763721574,0.15914335742851013,0.3673126455494413
0.23778863435842584,0.01843622134757168,0.118275440839836,0.2676366945207759,0.27860355187500585,0.07925945705838475
0.11022210983753486,0.26681194035390504,0.26583981592887107,0.09213418590310199,0.045787042098995964,0.21920490587759106
0.22889307453013877,0.10242412033747057,0.03168772809182149,0.11053907394721428,0.1591433570085469,0.367312646084808
0.18805479655527457,0.0872233581843051,0.22478679905164728,0.2541136599697784,0.09574975796649429,0.15007162827250037
0.19954882508923252,0.1835501495439568,0.18425422256654764,0.27980619216571945,0.11867373383300318,0.034166876801540444
0.22889307569895592,0.1024241200093214,0.03168772604870971,0.11053907371199294,0.15914336099478246,0.36731264353623755
0.08701003669183846,0.23657301204415876,0.051823925632071645,0.3672037114453644,0.19549585865959038,0.061893455526976386
0.16135937443949755,0.255816626769472,0.17352010845017699,0.1086923261010819,0.0838954064534693,0.21671615778630232
0.05348867397041222,0.07171242753052307,0.33351654172291195,0.11459633690223102,0.1351193421489599,0.29156667772496186
0.10365640966579401,0.009522974687609827,0.21795324892404142,0.2589914559550199,0.22612075431094972,0.18375515645658516
0.22786197409195932,0.11968126467200348,0.14036590866624307,0.253465058827024,0.20369689168533922,0.05492890205743085
0.08195509675427352,0.2578039477520642,0.15523830252338522,0.20193015770651807,0.09892078043660463,0.20415171482715436
0.24169209936077138,0.4108515034670017,0.08329288922305511,0.12686043582773282,0.042686700733880215,0.09461637138755877
0.3121637850384541,0.09466267894456885,0.23193720432967216,0.25101170826378155,0.033678882860281235,0.07654574056324209
0.08349165978775387,0.018382349999921558,0.0129583669952758,0.44442827138587526,0.43895700679137656,0.0017823450397970063
0.29054817253627907,0.18495711205046125,0.12691453361939445,0.144358672893152,0.22674324941451351,0.026478259486199682
0.11774577108099286,0.23624191922838086,0.10998541105934849,0.28856485583787944,0.0746674431385858,0.1727945996548125
0.12285972322998413,0.08546263275021479,0.42308713604827397,0.14318839848691883,0.2129436283426095,0.012458481141998783
0.15092871111442382,0.17761012790151506,0.1643834722647291,0.08875468598733306,0.24567067060318878,0.17265233212881018
0.09375299734868314,0.12015437509958764,0.04966912109863787,0.26697099214439096,0.29499717916963236,0.17445533513906805
0.11901885105109225,0.35993678447655086,0.08480712298644104,0.22127169085262038,0.03906959592784041,0.17589595470545508
0.049116194967086316,0.0795996126936036,0.13976990232142839,0.28837397613896915,0.3613896976405781,0.08175061623833445
0.24658187966085213,0.2016480589883468,0.21639667959877665,0.04185761720819975,0.10189687697049025,0.1916188875733344
0.2278436066834895,0.15215094162831697,0.10462202737124184,0.02531129566834757,0.10292090354155894,0.3871512251070452
0.2498043224829616,0.23001540070254664,0.04766729718383087,0.03838391302485913,0.29992916644100837,0.1341999001647934
0.22889307554093946,0.10242412035134138,0.03168772854258755,0.1105390740852373,0.15914335536987048,0.36731264611002373
0.08859867683587841,0.2538433347869502,0.029417771006914367,0.2574868614178871,0.13388459904226643,0.23676875691010343
0.24933203502003642,0.16732691069230043,0.23606741523637656,1.7516450364460866e-4,0.08177378114462844,0.2653246934030135
0.07001684384279246,0.26486034483677046,0.10014875135887259,0.22379680325636753,0.30350165591471,0.03767560079048693
0.041047002728972395,0.2179938653204275,0.13787212204012472,0.26819212037040485,0.31223841034715816,0.022656479192912377
0.18074085169280832,0.2757920300900439,0.03417604618756068,0.39032476427982044,0.09949282495227658,0.019473482797490112
0.26805663995968604,0.30734873185815414,0.1381072581381714,0.1431203439910361,0.11213215652795651,0.031234869524995792
0.0721051447400006,0.014985562735324896,0.20968938096888518,0.17229675775712064,0.47869890221352385,0.05222425158514486
0.1714396484158046,0.030446949388679746,0.31730588481193484,0.14596494612673044,0.2714839389612644,0.06335863229558601
0.16426214654614724,0.27820176187120726,0.022629488727735722,0.2944114603623964,0.10877416667887575,0.1317209758136376
0.12605212360611157,0.015092503587342107,0.20952829881599616,0.27423125619942246,0.3647864212173193,0.010309396573808447
0.3063985229218143,0.023073980286366362,0.27459870990319063,0.14035980383877555,0.02153428599103112,0.23403469705882196
0.014277224683863471,0.26712748602345376,0.12604677649160498,0.29973774074738657,0.1935746848608118,0.0992360871928794
0.22889307592659167,0.10242412003509836,0.03168772738990575,0.11053907381441658,0.1591433577303701,0.3673126451036176
0.030675200368140337,0.32170021392424686,0.30207263012456775,0.1450322377004806,0.12335264742157742,0.077167070460987
0.15104037258666198,0.23557476481180722,0.14051747442408474,0.15570276376346343,0.17659983446750827,0.14056478994647437
0.2293661023108703,0.10679158718005374,0.02530920088091588,0.10910501176873698,0.15728628541601472,0.3721418124434084
0.14598063259915905,0.2518238429033581,0.004790393728841948,0.22329715350694204,0.07881032208802463,0.29529765517367423
0.13400968815326594,0.21944000625146878,0.14228000080534875,0.10256063119233852,0.2299844859684409,0.1717251876291371
0.2288930741271505,0.10242411966299986,0.031687726859042455,0.11053907480799686,0.15914335920661674,0.3673126453361937
0.2672569478065086,0.11511854665503773,0.27346820323990945,0.04735532004636317,0.08818186240756141,0.20861911984461962
0.3019624782142233,0.18003733560738627,0.1626899092576256,0.01877865731445404,0.29938438061018163,0.03714723899612913
0.03223409465791421,0.3212944008080262,0.18544878714788127,0.12311497607685501,0.3262447944286041,0.011662946880719201
0.08574419467616912,0.23504128197651936,0.12194067459336615,0.2632807187385015,0.2804099912820602,0.013583138733383677
0.06615781550378523,0.4241269706218765,0.12425385499789666,0.048342127899212495,0.33163960049434216,0.005479630482886999
0.26664451611933243,0.2253485443276052,0.04050397223570086,0.35410831176962543,0.09684295838181385,0.016551697165922225
0.018961856468491706,0.2698836554557882,0.21230891183961725,0.14324778751373743,0.12081738600882796,0.23478040271353742
0.23273923705561989,0.2858209831824084,0.19452641528250708,0.2117080725558178,0.07232246203519307,0.0028828298884537155
0.24988267102295936,0.2341258795347621,0.17922215665052396,0.20640552576735186,0.006386685839267583,0.1239770811851351
0.22889311007816826,0.10242411912931315,0.0316877311322853,0.11053906561909313,0.1591433361413379,0.3673126378998022
0.2659340811342486,0.28591690108002366,0.015396602342389905,0.00679080328499986,0.09136147381739981,0.3346001383409382
0.10501729079628142,0.33870680274302145,0.018096090453014597,0.17459936375091095,0.315449448951019,0.04813100330575258
0.20190382981389626,0.06419677914460928,3.782125807367668e-4,0.2620831870979233,0.32357007026148743,0.14786792110134692
0.228893085503307,0.10242410507140233,0.03168773755075389,0.11053906215837368,0.15914338128139874,0.36731262843476437
0.1942193910772163,0.3173740694858096,0.21817266547237507,0.01369310014451099,0.16634647243166592,0.09019430138842208
0.22889308691057678,0.10242410285336072,0.03168775077631687,0.11053906513949531,0.15914335786762906,0.36731263645262124
0.22942608622556038,0.10687006021455535,0.02501654556970873,0.10899640540098715,0.15721394432630026,0.37247695826288824
0.010031420503185942,0.12847847171541427,0.2995306706507789,0.2674435076451409,0.2636126713049664,0.030903258180513538
0.01115670827523643,0.35141039143224795,0.14907271422041002,0.32584412174300253,0.12428935831981648,0.03822670600928663
0.22889308979367162,0.10242410298991558,0.03168773910155761,0.11053907473212468,0.159143364530693,0.36731262885203747
0.018555002720889585,0.37902860885850304,0.052781043323582535,0.24348734157275642,0.2386210140285262,0.06752698949574217
0.14588383187451207,0.043125518222938544,0.34660003981146775,0.09505471107024482,0.0022596628206517596,0.3670762362001851
0.23567828600787982,3.445369055513333e-4,0.1619566447207827,0.32522211777482246,0.17119121671572846,0.10560719787523527
0.2280732847923507,0.11330898248243455,0.020075398234652455,0.10602893226106642,0.15470422294795755,0.3778091792815383
0.22941367063937862,0.10685381771474803,0.025077119929628494,0.109018884956142,0.15722891762436642,0.37240758913573646
0.0985348022849326,0.38158053243188705,0.009360480924826728,0.10170753520971546,0.20657144060647725,0.20224520854216094
0.41966937527309967,0.18821375090922007,0.1335057586455255,0.17538299001749327,0.004483188429844029,0.0787449367248175
0.2288931070347743,0.10242411902862693,0.03168773690688586,0.11053905392613127,0.1591433438204632,0.3673126392831184
0.38194209021939074,0.22817887449291682,0.15202222016758554,0.07813626802583225,0.007840452051612316,0.15188009504266234
0.32490379603582936,0.06847660959724242,0.20558600437107277,0.0015511135457729446,0.24950866854557818,0.14997380790450432
0.2519786046876812,0.1466843571387581,0.10047476324275248,0.1914852681201408,0.3017716412383075,0.007605365572359894
0.228893063389338,0.10242411510427482,0.03168774354066087,0.11053904812984928,0.15914337944634344,0.36731265038953365
0.18083485837642105,0.27685401976417595,0.004048173296875059,0.09539844214588501,0.3049575231886108,0.13790698322803213
0.3341831778976336,0.08351205588875586,0.2607649114324325,3.6097021048922306e-4,0.18629034331171634,0.13488854125897246
0.026445338549415682,0.215195131387508,0.3476939270491432,0.333308560648422,0.034379165012452945,0.042977877353058226
0.29800347478696543,0.20340066338061294,0.29402734972756894,0.05221264137005025,0.015504017288462093,0.13685185344634038
0.009577644663724254,0.21838703471605025,0.05274023531975147,0.35655604267966584,0.20008130653449258,0.16265773608631562
0.17034396393192147,0.4943510131469627,0.16228560771911502,0.11130917048107913,0.034769595277937215,0.026940649442984424
0.20685630294460502,0.10901756591435174,0.07579136617831829,0.2890200478611016,0.003398466284307038,0.3159162508173163
0.03840236900450793,0.11991104222307256,0.24409082245594174,0.28148285088905317,0.002656144512996822,0.31345677091442775
0.2552675603634531,0.2466198165766204,0.007380062432106083,0.13296671198261983,0.1628083181906096,0.19495753045459094
0.21410682186733407,0.2807745602636793,0.18960403531241332,0.1313661933197537,0.16621722499837058,0.017931164238449038
0.06998951361411637,0.1775222928959249,0.025111721480778837,0.35547884027412957,0.006867572044789483,0.36503005969026087
0.17666718040785892,0.27046663463150605,0.006189230792014977,0.21565878803510188,0.06663811357716455,0.2643800525563536
0.08207326767330966,0.3429267987617913,0.3195767566680964,0.2194643946387578,0.030480423216892927,0.005478359041151955
0.22972428350511523,0.09430777702218844,0.20494348626537395,0.3301681343192742,0.009876343349197035,0.13097997553885107
0.011007642535711737,0.2725699698672654,0.222779751411011,0.192964168533277,0.09569169239515626,0.2049867752575786
0.22459427247605135,0.2507196248781714,0.14626548416419793,0.15104636287944959,0.008708273166360154,0.21866598243576957
0.22889309211318742,0.10242410566171774,0.031687731725303106,0.11053906539685282,0.15914338199646638,0.36731262310647256
0.3367827588051474,0.15981119884154707,0.0038738000645218377,0.21665038572606243,0.25672210664693873,0.02615974991578251
0.3158539334404528,0.18300967888562017,0.007433950520374213,0.3127230747502841,0.01343823784960777,0.16754112455366096
0.012803345982402998,0.34324998835091036,0.14035683678776825,0.03724055808712459,0.021356811758035044,0.4449924590337588
0.2147028733061202,0.243663310829252,0.28752012585382225,0.014136827529697926,0.0116586162713619,0.2283182462097457
0.23087114171399287,3.922513613797433e-4,0.22876531194310587,0.21356476673953467,0.18466556450155225,0.14174096374043454
0.2288930545263476,0.10242410007651642,0.031687752266608325,0.11053908540022046,0.15914335954604447,0.36731264818426274
0.22889308329816202,0.10242410349425135,0.0316877298519533,0.11053908571271828,0.1591433716704983,0.3673126259724169
0.08893459413814464,0.31375687368741906,0.29397913024727984,0.07036301685517951,0.008166452000847363,0.2247999330711296
0.22889306469614482,0.10242410740036649,0.03168775847073423,0.1105390598667564,0.15914335524989515,0.3673126543161029
0.19468424557480754,0.064589445425952,0.2917572611623807,0.3343744319971689,0.0063653817289796265,0.1082292341107112
0.20094134037579733,0.1947427690621341,0.18808310510870743,0.2937908172717351,0.11025521506051392,0.01218675312111208
0.2288930762934081,0.10242410753933139,0.03168773427629349,0.11053906042571587,0.1591433899625814,0.36731263150266963
0.05673048920360288,0.27955514912525686,0.021858608288916535,0.42368077701531437,0.19804407039178512,0.020130905975124187
0.14343020026824274,0.36338624317274043,0.17655407081558552,0.06519638275175876,0.017203258297971626,0.23422984469370092
0.0025986697944181225,0.058883770290422854,0.3978566136311024,0.08482615682242471,0.11291822143170366,0.3429165680299283
0.1076766844949508,1.8928436049253866e-4,0.2166217524891532,0.2547909503667923,0.22555806642207474,0.19516326186653635
0.24078204475818188,0.12361921669615979,0.13502751561466397,0.2762789007316854,0.2097679601833107,0.014524362015998299
0.019398744774109754,0.3561768826472898,0.15138274234643811,0.21759476855363172,0.047954857116223264,0.20749200456230735
0.24874928759821618,0.4598330055621201,0.07235813279465471,0.1203138666453238,0.020949363225358508,0.07779634417432667
0.33633124204968284,0.09161107694511747,0.24588171097906197,0.26529610355625655,0.006281428371438674,0.054598438098442566
0.08394409269953619,0.017485384606290184,0.014781722742300413,0.44460324049739963,0.43916271172456456,2.2847729909103817e-5
0.30074509500689023,0.19365544271869667,0.12360902345677455,0.14141779993719453,0.23082616009165915,0.009746478788784799
0.07867739165416278,0.31669082979590973,0.0817801019363118,0.34878082717113584,0.014411978876225223,0.15965887056625463
0.12285972322998413,0.08546263275021479,0.42308713604827397,0.14318839848691883,0.2129436283426095,0.012458481141998783
0.11815076760326974,0.2567576486884656,0.1603905879046738,0.0064158385715458385,0.29742219470619785,0.1608629625258472
0.06762229993504364,0.13039163418194624,0.0068670996790689285,0.2898959964700529,0.3255054569978742,0.17971751273601413
0.10942924997036511,0.3955959401671387,0.07497176716543826,0.227369873611659,0.01992316523845768,0.17271000384694124
0.006784790191939368,0.07118126734260609,0.1343547844581001,0.32440806857396226,0.4180140932648707,0.04525699616852148
0.26398761524674175,0.23146949408846038,0.229325518868364,0.002913827625561685,0.07770836567644032,0.19459517849443195
0.23920861895014903,0.1585068309187205,0.07403551063982292,8.95260168415651e-4,0.09108302406799614,0.4362707552548957
0.26501130931991673,0.2646607610281227,0.016532010114877756,0.003707133760714299,0.325844806001017,0.12424397977535148
0.22889307554351498,0.10242410889224388,0.031687758449034015,0.11053906251948381,0.15914334047365455,0.3673126541220687
0.07165341359775544,0.28330564643339684,0.0043846616334193905,0.27020082585086963,0.12398337340475683,0.24647207907980181
0.24933203502003642,0.16732691069230043,0.23606741523637656,1.7516450364460866e-4,0.08177378114462844,0.2653246934030135
0.05282278801415198,0.28965273188559454,0.09257074587644347,0.2313242108661967,0.31984598887527343,0.013783534482339902
0.041047002728972395,0.2179938653204275,0.13787212204012472,0.26819212037040485,0.31223841034715816,0.022656479192912377
0.18074085169280832,0.2757920300900439,0.03417604618756068,0.39032476427982044,0.09949282495227658,0.019473482797490112
0.27862485293175787,0.33767447901344644,0.13567476476639842,0.13928923005871,0.10182789516894904,0.006908778060738153
0.07580452171984421,8.836726099280777e-4,0.22376407618202004,0.17681066831199824,0.47852413492550505,0.04421292625070434
0.16904581382979486,0.0040661375902398995,0.36523492035505123,0.1396672435586759,0.29694630125604693,0.02503958341019111
0.16137966202456455,0.29913910551915784,0.0072089700059270925,0.30715382582696116,0.10014116986932325,0.12497726675406612
0.12358039272146541,0.009377004978015677,0.213006059555265,0.27921555435684076,0.37381136017769434,0.001009628210718819
0.22889308924330604,0.10242410256966021,0.03168775625001168,0.11053906925113224,0.15914334242430594,0.36731264026158394
0.014277224683863471,0.26712748602345376,0.12604677649160498,0.29973774074738657,0.1935746848608118,0.0992360871928794
0.2288930785717448,0.10242410310378075,0.03168775506613683,0.11053905853984324,0.15914336333394521,0.3673126413845492
0.001512670499494947,0.36316539956862215,0.32926572581899927,0.1410417947684989,0.11233035877617384,0.052684050568210856
0.06238412283625428,0.5564273141430536,0.10274800574457923,0.12065298699843455,0.15370866359533167,0.004078906682346695
0.22940910394210134,0.10684784340322047,0.025099400372973903,0.10902715337954295,0.15723442509848085,0.37238207380368055
0.1459351877704005,0.2532155727231593,0.0059248643017578515,0.22186821255610625,0.08045132263257997,0.2926048400159961
0.06705713979319981,0.3787126848793829,0.11438181013870867,0.013621788423333224,0.27941755819898856,0.14680901856638687
0.22889306133227094,0.10242410180830792,0.03168774731637564,0.11053907139723673,0.15914337636249812,0.3673126417833107
0.29352478738388615,0.11599143678280788,0.3020395764456385,0.007956039455887283,0.059989611487301725,0.22049854844447847
0.31299637526639984,0.18708808197018506,0.16280701997330085,0.004259713162819227,0.3101261304393717,0.022722679187923308
0.03223409465791421,0.3212944008080262,0.18544878714788127,0.12311497607685501,0.3262447944286041,0.011662946880719201
0.0787348381236418,0.24457094443612318,0.1199445062367802,0.2694812686823524,0.2866373808712455,6.310616498568465e-4
0.06333360483698759,0.4303918435412136,0.12482749940956424,0.047105099569010385,0.3339889615702891,3.529910729350594e-4
0.27276698243278424,0.23594533835557305,0.031116140132027317,0.3684964197736366,0.08980647686002792,0.0018686424459509
0.0016263925282356015,0.2882636313608227,0.21766018293416176,0.1402543516224078,0.1140977523337337,0.2380976892206385
0.23281020612504869,0.28716844462939894,0.19501612390921427,0.21216894631513736,0.07162783506548877,0.0012084439557120223
0.251818109835108,0.2386989537547353,0.17982032669615583,0.20744897057451048,6.346499155649252e-4,0.12157898922392549
0.22889341465779703,0.10242409652859215,0.03168778497013851,0.11053897687529046,0.15914314958924394,0.3673125773789379
0.26871692260238494,0.29320320761641006,0.00887546959802021,4.2402224529360593e-4,0.08766727906493244,0.3411130988729588
0.09351166225657198,0.37151946932972385,5.063446317576366e-4,0.17520928295586305,0.3317400078381541,0.027513232987929338
0.20265312079537826,0.06537587900195121,6.063224350446628e-5,0.2584518850214782,0.31970967303017334,0.1537488099075145
0.22889317579412813,0.10242395393572609,0.031687852734946925,0.11053894080133696,0.15914359996345823,0.36731247677040374
0.19403446847692352,0.3370305586570612,0.2246167446583151,9.591448087545373e-4,0.16478383703548982,0.07857524636345585
0.228893189636202,0.1024239317648078,0.031687986691255554,0.11053897154799958,0.15914336370105606,0.36731255665867896
0.2294309615238506,0.10687643824862157,0.024992759493935788,0.1089875782271972,0.1572080646768437,0.3725041978295512
0.001281055403394488,0.13011515799612955,0.30703588265358484,0.2723649534121412,0.2674673615164684,0.021735589018281588
0.0014189515262078205,0.36524343467468273,0.14936887963511794,0.3342868134354717,0.12115292164606044,0.028528999082459403
0.22889321707171517,0.10242393541815015,0.03168786783807923,0.11053906959623831,0.15914343038777315,0.367312479688044
0.0016903879549452316,0.4068941612025664,0.04452310618730016,0.25094198670027557,0.24324330277896947,0.052707055175943214
0.14633205061551977,0.041653886607982596,0.3469658775848774,0.09306350509351745,8.84615220282314e-5,0.3718962185760746
0.2355646449579193,1.6476586318666625e-4,0.1622377206469409,0.323873418014333,0.1714220363876385,0.10673741412998165
0.2280773766704792,0.1133074358332689,0.020067696400284822,0.10602525686153054,0.15470291005490217,0.3778193241795345
0.2294321424462836,0.10687798317224514,0.024986997895614524,0.10898544005904465,0.15720664047477023,0.37251079595204195
0.0928429657343217,0.3989808784022707,0.0011635673924109233,0.09825838200601747,0.20716599663107707,0.2015882098339021
0.4235673239107275,0.18967860272105536,0.13293976781310307,0.17534098217950436,0.0014910347534101394,0.07698228862219965
0.22889338501750156,0.102424094459261,0.03168784336255476,0.11053886259439555,0.15914322531157793,0.3673125892547091
0.38896817892288,0.23327612767172026,0.15130946239202936,0.07444736696779916,0.0012718737134536204,0.15072699033211762
0.3263909551026902,0.06699525904525411,0.205076128750195,2.610801165284118e-4,0.24988039250412533,0.15139618448120695
0.2540162486926143,0.14798045993083667,0.0989611827120251,0.1922386538396796,0.305556894112241,0.001246560712603304
0.22889295618661473,0.10242405590989774,0.031687908657733126,0.11053880516655296,0.15914357552114544,0.3673126985580561
0.18026119067113677,0.28147135421953734,9.084242751933642e-4,0.09397252563332985,0.30709626677646734,0.13629023842433535
0.3340429260733301,0.08312815868170509,0.2604721755710211,6.57799513192499e-4,0.1863414802033253,0.13535745995742585
8.134628307071126e-5,0.23513825417669887,0.37908559213623394,0.3595360675722406,0.011418702907833507,0.014740036923922386
0.3070596163023856,0.2126475974855425,0.3055668190391175,0.04242173450014055,0.001315152136610098,0.13098908053620384
6.817877367249732e-4,0.22490319065784473,0.047314681127793044,0.3655058945708381,0.20067220049484683,0.1609222454119523
0.16679942717783935,0.5465749250337757,0.16434514154958685,0.10443673953766903,0.015609187559785796,0.002234579141343251
0.2077485769046538,0.1094502280264506,0.07250902202351077,0.2896528055087642,3.13958160228953e-4,0.3203254093763917
0.03687234699659212,0.12026865747954225,0.24474667114295626,0.2824526980992926,6.760700673166134e-4,0.3149835562143002
0.2577062592355091,0.25246576708356105,0.0010546834100724606,0.13105657230187512,0.16169164220345975,0.19602507576552253
0.21595071162451632,0.29635455558423157,0.19267654494133474,0.12825142322719696,0.16465257392912375,0.002114190693596619
0.06651136405082927,0.18108955109080438,0.01878704706373061,0.3603617332688357,5.939991797332684e-4,0.3726563053460668
0.1762718447277323,0.27697435903874734,2.964793764044346e-4,0.21693635184906468,0.0622691572727113,0.26725180773534
0.07949408896496825,0.34847899581491293,0.3237898581851356,0.2208578796261356,0.027134902181166386,2.4427522768121493e-4
0.2323123262520043,0.09340423294307944,0.2075046403857973,0.33848733444794127,5.964188048436283e-4,0.12769504716633404
0.00130808386513678,0.28237197513432005,0.2266819169031898,0.194354522335199,0.09097711555868732,0.20430638620346706
0.2261345822561407,0.25762194548713474,0.14511010611548053,0.1498000506672625,0.0011203688186687075,0.22021294665531285
0.2288932396005986,0.10242396128032737,0.03168779450589238,0.11053897429757382,0.15914360248433349,0.3673124278312744
0.34020905368741927,0.16118226808704467,1.8517051257297323e-4,0.2175057473122592,0.25831265661596586,0.0226051037847381
0.32091810284326155,0.18681967716752867,4.944833401080783e-4,0.3175932177150423,0.006565603609350446,0.167608915324709
3.7738386469640976e-4,0.36192240371271944,0.13744965294448647,0.026771443168977165,0.009081044410543481,0.464398071898577
0.21623186130539973,0.2522079357243632,0.29446888486773487,0.004917649557397501,0.0016997863839521132,0.23047388216115255
0.23102314501909438,2.899931610068762e-5,0.2288031820463151,0.21350647248614424,0.18467722463367794,0.14196097649866768
0.2288928657779446,0.10242390604568102,0.03168799786525362,0.11053917453488545,0.15914338055813987,0.3673126752180955
0.2288931536095063,0.10242393927137282,0.03168777232910638,0.11053917970489363,0.15914350308684436,0.3673124519982766
0.0843634570591538,0.32357208729766224,0.2999834421179247,0.06618121884480893,5.826728962666808e-4,0.22531712178418367
0.22889296744037205,0.1024239789995956,0.031688058593352025,0.11053891997879564,0.15914333725535662,0.36731273773252804
0.19510232627101437,0.06259529213821383,0.2967558288348301,0.33984814269916097,0.001032667639827484,0.10466574241695334
0.2014679297574043,0.20095488350895824,0.19043386094354575,0.3013988659219051,0.10573593490444753,8.524963739029622e-6
0.2288930823870107,0.10242398126755972,0.03168781809515154,0.11053892457655091,0.15914368397414874,0.3673125096995783
0.04274065639780158,0.29933310920293954,0.009333473883219848,0.4491617561892906,0.19918725792383735,2.437464029110895e-4
0.1387183125687202,0.38909506346662764,0.17807533188007013,0.05546618123446428,0.0015459168069374444,0.23709919404318025
6.924662378690907e-4,0.058336044395972106,0.4002725282070928,0.08357077468121675,0.11200687202885334,0.3451213144489959
0.10850956768167573,1.421776495699964e-5,0.21605054821059524,0.2538942451279655,0.22522830980172504,0.19630311141308152
0.24468339289967017,0.1246195057249315,0.13377967095717977,0.2834737880530437,0.21173868413571062,0.0017049582294642815
0.0012186268967759766,0.38458958531111936,0.1511796307738991,0.22250895770776163,0.033695500149373975,0.20680769916106995
0.25528693645486233,0.5070787043725984,0.06222246486717583,0.11416981564976442,1.2725474316520154e-4,0.06111482391243388
0.34138204933096405,0.09066867096419172,0.24900325660432776,0.268378629567832,7.46584562466128e-4,0.04982080897021836
0.08401711688862963,0.017538143221752633,0.014892333193454036,0.4444681504990107,0.43903537444211305,4.888175504000407e-5
0.30612464667384964,0.19825898238256745,0.12188142624107548,0.13990103352275904,0.23299456098475566,8.39350194992658e-4
0.06920656645290303,0.33549143971294826,0.07619669609630447,0.36336530035759085,5.744452875193555e-4,0.15516555209273408
0.11925657587706838,0.0841325697772182,0.4387576406630538,0.1418296194265419,0.21479789212640885,0.0012257021297089213
0.11581858574934946,0.2620493658814362,0.16046324898946804,0.001441626254013254,0.3007551393466302,0.15947203377910285
0.06382147063793676,0.13222616511916913,5.056567038421923e-5,0.2930408069190093,0.32981537823006485,0.18104561342343578
0.09949174050444991,0.4315400845122108,0.06566860895808596,0.23367768126281982,8.335462534492249e-4,0.16878833850898434
0.0010422662048589935,0.06998881169085991,0.1338378882565466,0.329296623464857,0.4256600156458889,0.04017439473698863
0.264787528742761,0.23320032621415085,0.23002694425811582,9.709563907479244e-4,0.07643941121040895,0.1945748331838154
0.24011350327777303,0.1584670258378875,0.07072557411576175,5.312337915714926e-5,0.09086382037576485,0.4397769530136558
0.26614110994636125,0.2676861602092122,0.013962955169861352,9.736730559837244e-4,0.3278605210855787,0.12337558053300275
0.22889307501189413,0.10242399515931057,0.031688055958265585,0.11053894848140619,0.1591431925359687,0.3673127328531549
0.06930143478722717,0.2873698776414704,0.0010706749636823045,0.2719707257513251,0.12264841466750147,0.24763887218879366
0.24933203502003642,0.16732691069230043,0.23606741523637656,1.7516450364460866e-4,0.08177378114462844,0.2653246934030135
0.043759178855243795,0.3026342118666739,0.0890187493776095,0.23549237670679735,0.32833933435775114,7.561488359243243e-4
0.02463553292459061,0.2317970866142969,0.13643774875815243,0.27901093369730007,0.32600870850927977,0.002109989496380298
0.17954780838463694,0.2931712522379332,0.023166687457437666,0.4105516806933862,0.09154375090050763,0.00201882032609837
0.28074998806699736,0.34419571289963863,0.13528184751270564,0.1386019112712367,0.09962659163020672,0.0015439486192150363
0.07664155860786587,1.563124605892775e-6,0.22480889348808072,0.17727745388414853,0.4771755398586406,0.044094991036658426
0.16869849111455665,2.286652809396164e-4,0.37212522541083015,0.13895564029474372,0.30034943937343495,0.01964253852549491
0.16019503422087214,0.30732044277780524,0.001387756283206847,0.3121684019515979,0.09683841307354192,0.12208995169297601
0.12342737156054405,0.008987676216074927,0.21324741228926714,0.2795371763148129,0.3743903148507175,4.100487685835243e-4
0.22889321096712176,0.10242393347012482,0.031688033430028684,0.11053901365307926,0.15914321052433308,0.3673125979553124
4.0115171212588315e-4,0.2812093265419469,0.12382900020512175,0.3097573427841531,0.1940692353113583,0.090733943445294
0.22889310535522747,0.10242393463802979,0.03168802958193474,0.11053890471262896,0.15914341851591335,0.3673126071962657
0.002396898711748242,0.36183334063143535,0.32853775459249523,0.14134677146862606,0.11274719505988202,0.05313803953581305
0.06230281273736961,0.5539458613938018,0.10479043089837321,0.12199257021770767,0.15400319692825595,0.002965127824491715
0.22943054142880934,0.10687588866574059,0.024994809094159593,0.10898833884771943,0.15720857131488503,0.3725018506486859
0.14454235672842533,0.25892266783053947,4.6391962734006556e-4,0.2230344994003485,0.07697272265409193,0.2960638337592547
0.055947063677692865,0.40416153109032854,0.11117257627571925,5.742826971005955e-4,0.28714544791743707,0.1409990983417216
0.2288929344334461,0.10242392438258513,0.031687947693666556,0.11053903552504812,0.1591435471665768,0.3673126107986773
0.29848066897512276,0.11610491937548931,0.30741281584844943,5.181267600934525e-4,0.05469748261268437,0.2227859864281607
0.31605373577224577,0.18906237073922458,0.16291553983442497,2.1210192210872777e-4,0.3131316044461201,0.018624647285875862
0.024899607643732613,0.3318191941639335,0.18708971469481017,0.12116501293657542,0.3325915343061425,0.0024349362548057225
