V1,V2,V3,V4,V5,V6
0.9786365655564975,4.678072285164837e-6,0.020528756642495996,1.0589489942360714e-4,7.241048292977913e-4,1.705328663862921e-73
0.9786365656536159,4.678072303606873e-6,0.02052875654851919,1.058948990287921e-4,7.241048265324496e-4,1.7053286777065708e-73
0.9786365654911209,4.678072272750391e-6,0.020528756705757604,1.0589489968938182e-4,0.00072410483115931395,1.7053286545439132e-73
5.567769898345761e-6,0.9999944322029252,2.717520303400215e-11,8.93888191718432e-17,1.2451073392059905e-15,8.21764659908706e-41
0.9786365656692504,4.678072306575721e-6,0.020528756533390397,1.0589489896523283e-4,7.241048260872732e-4,1.7053286799351588e-73
0.9786365656569483,4.678072304239633e-6,0.02052875654529456,1.0589489901524633e-4,7.241048264375713e-4,1.7053286781815546e-73
5.5677699239145226e-6,0.9999944322028995,2.7175203182396834e-11,8.938881971811668e-17,1.2451073468847772e-15,8.217646415576439e-41
5.567769915265175e-6,0.9999944322029081,2.7175203132198125e-11,8.938881953332338e-17,1.24510734428721e-15,8.217646477654102e-41
0.9786365656935886,4.6780723111973165e-6,0.02052875650983964,1.0589489886629255e-4,7.241048253942783e-4,1.7053286834043895e-73
0.9786365656891494,4.6780723103543536e-6,0.020528756514135205,1.0589489888433814e-4,7.241048255206752e-4,1.7053286827716273e-73
0.9786365657591686,4.678072323650378e-6,0.02052875644638119,1.0589489859969204e-4,7.241048235269682e-4,1.705328692752402e-73
0.9786365656699292,4.678072306704603e-6,0.020528756532733644,1.0589489896247545e-4,7.24104826067956e-4,1.7053286800318728e-73
5.567769905147826e-6,0.9999944322029184,2.7175203073479834e-11,8.938881931716912e-17,1.2451073412487695e-15,8.217646550267519e-41
5.5677698966636574e-6,0.9999944322029268,2.7175203024239824e-11,8.938881913590407e-17,1.2451073387008164e-15,8.217646611159516e-41
0.9786365654807089,4.678072270773179e-6,0.020528756715832923,1.0589489973171086e-4,7.241048314557927e-4,1.7053286530596918e-73
0.9786365657032111,4.678072313024552e-6,0.02052875650052829,1.0589489882717375e-4,7.241048251202853e-4,1.705328684776037e-73
0.9786365656746602,4.6780723076029585e-6,0.02052875652815578,1.0589489894324267e-4,7.241048259332472e-4,1.70532868070625e-73
0.9786365656837676,4.678072309332385e-6,0.020528756519343074,1.058948989062173e-4,7.241048256739191e-4,1.7053286820045134e-73
5.567769851103642e-6,0.9999944322029722,2.7175202759820723e-11,8.938881816252132e-17,1.2451073250182684e-15,8.217646938149719e-41
0.978636565665079,4.6780723057835546e-6,0.020528756537426966,1.0589489898219336e-4,7.241048262060637e-4,1.7053286793405194e-73
5.567769832025972e-6,0.9999944322029913,2.7175202649098698e-11,8.938881775493077e-17,1.2451073192888714e-15,8.217647075072934e-41
5.567769896468581e-6,0.999994432202927,2.7175203023107633e-11,8.938881913173815e-17,1.2451073386422403e-15,8.217646612559706e-41
5.567769896492495e-6,0.999994432202927,2.717520302324656e-11,8.938881913224816e-17,1.245107338649415e-15,8.21764661238804e-41
0.9786365657318389,4.6780723184607e-6,0.020528756472826707,1.0589489871079476e-4,7.241048243051485e-4,1.705328688856738e-73
5.5677698449209516e-6,0.9999944322029785,2.7175202723937925e-11,8.938881803042994e-17,1.2451073231614898e-15,8.217646982523691e-41
5.567769896456029e-6,0.999994432202927,2.7175203023034547e-11,8.938881913147012e-17,1.2451073386384538e-15,8.217646612649743e-41
0.9786365656573455,4.678072304315029e-6,0.020528756544910303,1.0589489901363163e-4,7.24104826426262e-4,1.7053286782381573e-73
0.97863656563883,4.678072300799081e-6,0.020528756562826923,1.058948990889032e-4,7.241048269534747e-4,1.705328675598851e-73
5.567769912203714e-6,0.9999944322029112,2.7175203114430315e-11,8.938881946791665e-17,1.2451073433678004e-15,8.217646499626444e-41
0.9786365657249873,4.67807231715968e-6,0.02052875647945661,1.05894898738647e-4,7.24104824500232e-4,1.7053286878800934e-73
0.9786365656637313,4.678072305527672e-6,0.02052875653873104,1.058948989876702e-4,7.241048262444265e-4,1.70532867914845e-73
0.9786365656713563,4.678072306975574e-6,0.020528756531352683,1.0589489895667386e-4,7.241048260273202e-4,1.70532868023534e-73
5.567769946949147e-6,0.9999944322028764,2.7175203316084017e-11,8.93888202102484e-17,1.245107353802525e-15,8.217646250253802e-41
0.9786365656965049,4.67807231175111e-6,0.020528756507017656,1.0589489885443623e-4,7.241048253112365e-4,1.7053286838201038e-73
0.9786365656411136,4.678072301232719e-6,0.020528756560617097,1.0589489907961942e-4,7.241048268884484e-4,1.705328675924399e-73
5.567769896465732e-6,0.999994432202927,2.7175203023091122e-11,8.93888191316759e-17,1.2451073386413734e-15,8.217646612580143e-41
5.5677698983345544e-006,0.9999944322029252,2.7175203033937078e-11,8.938881917160438e-17,1.2451073392026288e-15,8.217646599167287e-41
5.567769899407659e-6,0.999994432202924,2.7175203040165344e-11,8.938881919453125e-17,1.2451073395248994e-15,8.217646591465545e-41
0.9786365655727886,4.678072288258373e-6,0.020528756626731835,1.0589489935738061e-4,7.241048288339306e-4,1.7053286661850695e-73
5.567769936691115e-6,0.9999944322028868,2.7175203256548943e-11,8.938881999108608e-17,1.2451073507218218e-15,8.217646323877243e-41
5.567769896607075e-6,0.9999944322029268,2.7175203023911375e-11,8.938881913469665e-17,1.2451073386838123e-15,8.217646611565793e-41
0.9786365656797246,4.678072308564577e-6,0.020528756523255264,1.0589489892265571e-4,7.241048257890523e-4,1.7053286814281113e-73
0.978636565763757,4.678072324521719e-6,0.02052875644194101,1.058948985810366e-4,7.241048233963066e-4,1.7053286934065052e-73
5.5677698964544174e-6,0.999994432202927,2.717520302302518e-11,8.938881913143392e-17,1.2451073386379673e-15,8.217646612661304e-41
5.567769896528506e-6,0.9999944322029269,2.7175203023455388e-11,8.938881913301796e-17,1.2451073386602262e-15,8.217646612129489e-41
5.567769897434443e-6,0.999994432202926,2.7175203028713178e-11,8.938881915237279e-17,1.245107338932299e-15,8.217646605627543e-41
0.9786365655153406,4.678072277349492e-6,0.020528756682321306,1.058948995909218e-4,7.241048304696872e-4,1.7053286579962162e-73
5.567769908167479e-6,0.9999944322029152,2.7175203091004918e-11,8.938881938168346e-17,1.2451073421556249e-15,8.21764652859518e-41
5.567769828788423e-6,0.9999944322029947,2.7175202630308663e-11,8.938881768576079e-17,1.2451073183165741e-15,8.217647098309188e-41
5.567769896496767e-6,0.9999944322029269,2.7175203023271373e-11,8.938881913233899e-17,1.245107338650698e-15,8.217646612357327e-41
0.9786365656762579,4.678072307906343e-6,0.020528756526609602,1.0589489893674802e-4,7.241048258877554e-4,1.7053286809339684e-73
0.9786365657051098,4.678072313385068e-6,0.020528756498691215,1.0589489881945529e-4,7.241048250662245e-4,1.7053286850466806e-73
0.9786365655127962,4.678072276866337e-6,0.020528756684783593,1.0589489960126639e-4,7.241048305421409e-4,1.7053286576335157e-73
5.567769896545488e-6,0.9999944322029269,2.7175203023553865e-11,8.938881913338e-17,1.2451073386653309e-15,8.217646612007688e-41
5.567769837086623e-6,0.9999944322029864,2.7175202678469487e-11,8.938881786304985e-17,1.2451073208086758e-15,8.217647038752095e-41
0.9786365657479252,4.6780723215153645e-6,0.020528756457260818,1.0589489864539806e-4,7.241048238471008e-4,1.705328691149737e-73
0.9786365655721042,4.678072288128442e-6,0.02052875662739409,1.0589489936016205e-4,7.241048288534111e-4,1.7053286660875314e-73
0.9786365656886037,4.678072310250721e-6,0.02052875651466326,1.0589489888655761e-4,7.241048255362158e-4,1.705328682693878e-73
0.9786365656436625,4.6780723017167995e-6,0.020528756558150524,1.0589489906925569e-4,7.241048268158633e-4,1.7053286762877787e-73
5.5677698966121985e-6,0.9999944322029268,2.717520302394101e-11,8.938881913480589e-17,1.2451073386853518e-15,8.217646611529007e-41
5.5677698966377645e-6,0.9999944322029268,2.717520302408931e-11,8.938881913535149e-17,1.245107338693031e-15,8.217646611345663e-41
0.9786365657168299,4.678072315610615e-6,0.020528756487350187,1.0589489877181041e-4,7.24104824732513e-4,1.705328686717297e-73
0.9786365655780512,4.678072289257764e-6,0.020528756621639437,1.0589489933598376e-4,7.241048286840659e-4,1.705328666935256e-73
5.567769898569174e-6,0.9999944322029249,2.717520303529905e-11,8.938881917661567e-17,1.2451073392730776e-15,8.217646597483324e-41
5.567769896458364e-6,0.999994432202927,2.717520302304835e-11,8.938881913151903e-17,1.2451073386391527e-15,8.21764661263316e-41
0.978636565718525,4.6780723159325416e-6,0.02052875648570998,1.0589489876491872e-4,7.241048246842425e-4,1.705328686958888e-73
0.0019431396304986257,1.4227237719873255e-011,0.0061860948529357425,0.49241890857656007,0.49945185692577826,6.743181635265803e-73
0.9786365655011685,4.67807227465834e-6,0.020528756696035193,1.0589489964853527e-4,7.241048308732213e-4,1.7053286559761404e-73
5.567769896485017e-6,0.999994432202927,2.7175203023202924e-11,8.938881913208811e-17,1.245107338647168e-15,8.217646612441758e-41
0.0473465907834096,3.364653129291173e-9,0.9375114075815802,0.0019461034302319592,0.013195894840125056,2.598844120067933e-73
5.567769901419684e-6,0.9999944322029221,2.7175203051842466e-11,8.938881923751796e-17,1.2451073401291514e-15,8.217646577024796e-41
0.9786365656533992,4.678072303565663e-6,0.02052875654872897,1.0589489902967486e-4,7.241048265386326e-4,1.7053286776756267e-73
5.567769897085343e-6,0.9999944322029263,2.7175203026687063e-11,8.938881914491489e-17,1.2451073388274613e-15,8.217646608132935e-41
0.978636565578438,4.678072289331173e-6,0.0205287566212653,1.0589489933441305e-4,7.241048286730623e-4,1.7053286669904034e-73
5.567769900155597e-6,0.9999944322029234,2.717520304450605e-11,8.938881921050963e-17,1.2451073397495078e-15,8.217646586097648e-41
5.5677698289722444e-6,0.9999944322029944,2.7175202631375784e-11,8.938881768968789e-17,1.2451073183717794e-15,8.21764709698981e-41
0.9786365656780197,4.678072308240902e-6,0.02052875652490486,1.0589489892958437e-4,7.24104825837584e-4,1.7053286811851142e-73
5.567769896525875e-6,0.9999944322029269,2.717520302343994e-11,8.938881913296208e-17,1.2451073386594478e-15,8.217646612148407e-41
5.567769896641829e-6,0.9999944322029268,2.7175203024113058e-11,8.938881913543978e-17,1.2451073386942695e-15,8.217646611316119e-41
5.5677699266685324e-6,0.9999944322028967,2.7175203198380477e-11,8.938881977695537e-17,1.2451073477118594e-15,8.217646395810649e-41
0.9786365655498873,4.678072283909646e-6,0.020528756648892355,1.0589489945048026e-4,7.241048294860133e-4,1.7053286629206647e-73
0.9786365655187672,4.678072278000152e-6,0.020528756679005753,1.0589489957699215e-4,7.241048303721215e-4,1.705328658484684e-73
0.9786365655665543,4.678072287074566e-6,0.020528756632764374,1.0589489938272392e-4,7.241048290114383e-4,1.7053286652964086e-73
0.9786365656890542,4.678072310336278e-6,0.020528756514227222,1.0589489888472692e-4,7.241048255233909e-4,1.705328682758095e-73
0.9786365656400103,4.6780723010232396e-6,0.0205287565616847,1.058948990841044e-4,7.241048269198637e-4,1.705328675767154e-73
0.9786365654966552,4.678072273801303e-6,0.02052875670040225,1.0589489966688323e-4,7.241048310017335e-4,1.7053286553327557e-73
0.9786365656796977,4.678072308559591e-6,0.02052875652328113,1.0589489892276144e-4,7.241048257897965e-4,1.7053286814244247e-73
0.0019431396298479739,1.422723771612961e-11,0.006186094850313943,0.49241890860647025,0.4994518568991407,6.743181642048343e-73
5.5677699131722474e-6,0.9999944322029102,2.71752031200515e-11,8.938881948860908e-17,1.245107343658664e-15,8.217646492675247e-41
0.9786365657086588,4.67807231405902e-6,0.020528756495256928,1.0589489880502845e-4,7.241048249651741e-4,1.7053286855525604e-73
5.567769902509146e-6,0.999994432202921,2.7175203058165638e-11,8.93888192607929e-17,1.2451073404563234e-15,8.217646569205573e-41
0.9786365657416013,4.678072320314499e-6,0.020528756463380194,1.0589489867110838e-4,7.241048240271767e-4,1.70532869024832e-73
0.9786365656658828,4.678072305936187e-6,0.02052875653664924,1.0589489897892492e-4,7.241048261831726e-4,1.7053286794550824e-73
0.9786365654824726,4.678072271108096e-6,0.020528756714126312,1.0589489972454159e-4,7.241048314055765e-4,1.7053286533110795e-73
5.567769900755338e-6,0.9999944322029227,2.7175203047986812e-11,8.93888192233237e-17,1.2451073399296243e-15,8.217646581792912e-41
5.5677698965044525e-6,0.9999944322029269,2.7175203023315785e-11,8.938881913250349e-17,1.2451073386529982e-15,8.217646612302207e-41
5.567769896473654e-6,0.999994432202927,2.7175203023136885e-11,8.938881913184484e-17,1.2451073386437532e-15,8.217646612523271e-41
5.567769907155923e-6,0.9999944322029164,2.7175203085134266e-11,8.938881936007136e-17,1.2451073418518446e-15,8.217646535855145e-41
0.9786365655824104,4.678072290085515e-6,0.020528756617421262,1.0589489931826389e-4,7.241048285599519e-4,1.7053286675566202e-73
0.978636565574117,4.678072288510694e-6,0.020528756625446242,1.0589489935197797e-4,7.24104828796091e-4,1.7053286663745196e-73
