V1,V2,V3,V4,V5,V6
0.5855088671433515,0.006857292538835187,1.0187268231941632e-82,0.012628268999808552,0.06356582009641824,0.3314397512215865
0.5855088670557572,0.006857292534444828,1.0187268240689331e-82,0.012628269002274227,0.06356582005356737,0.3314397513539564
0.5855088670155593,0.006857292532430068,1.01872682447033e-82,0.012628269003405756,0.06356582003390282,0.33143975141470206
0.5855088670470181,0.006857292534006783,1.0187268241561935e-82,0.012628269002520235,0.0635658200492919,0.331439751367163
0.5855088669495631,0.006857292529122151,1.0187268251294349e-82,0.012628269005263485,0.06356582000161692,0.33143975151443433
0.5855088645172085,0.006857292407207208,1.0187268494203671e-82,0.012628269073732004,0.06356581881170242,0.3314397551901498
0.5855088670646917,0.006857292534892597,1.0187268239796794e-82,0.012628269002022754,0.0635658200579377,0.33143975134045517
0.5855088669575194,0.006857292529520931,1.018726825049976e-82,0.012628269005039541,0.06356582000550914,0.33143975150241106
0.5855088671932017,0.00685729254133382,1.0187268226963169e-82,0.012628268998405325,0.06356582012080518,0.331439751146254
0.5855088671750874,0.006857292540425949,1.0187268228772228e-82,0.012628268998915204,0.0635658201119442,0.33143975117362723
0.5855088671790383,0.00685729254062396,1.0187268228377534e-82,0.012628268998803982,0.063565820113877,0.3314397511676568
0.5855088671712813,0.006857292540235183,1.0187268229152187e-82,0.012628268999022325,0.06356582011008237,0.3314397511793788
0.5855088644532553,0.006857292404001718,1.0187268500590434e-82,0.01262826907553222,0.0635658187804162,0.33143975528679454
0.5855088645615508,0.006857292409429744,1.0187268489775067e-82,0.012628269072483808,0.06356581883339486,0.33143975512314083
0.02670077982553831,1.6063005968897433e-5,8.494319880610337e-76,0.9581833182145726,2.1454797368836902e-4,0.014885290980231763
0.585508866965289,0.0068572925299103145,1.0187268249723668e-82,0.012628269004820832,0.06356582000930969,0.3314397514906702
0.5855088671683408,0.006857292540087764,1.0187268229446332e-82,0.012628268999105102,0.06356582010864358,0.33143975118382274
0.5855088670176948,0.006857292532537089,1.0187268244490355e-82,0.012628269003345636,0.06356582003494732,0.3314397514114752
0.026700779816732193,1.6063005962065065e-5,8.494319893290471e-76,0.9581833182284873,2.1454797359792704e-4,0.014885290975220577
0.5855088644213483,0.006857292402402481,1.0187268503776881e-82,0.01262826907643041,0.06356581876480735,0.3314397553350114
0.5855088670251272,0.0068572925329095915,1.0187268243747776e-82,0.012628269003136404,0.06356582003858312,0.33143975140024373
0.5855088671657965,0.006857292539960228,1.0187268229700023e-82,0.012628268999176732,0.0635658201073987,0.33143975118766783
0.5855088671008197,0.006857292536703452,1.018726823618878e-82,0.012628269001005771,0.06356582007561194,0.331439751285859
0.5855088670245707,0.006857292532881651,1.0187268243803544e-82,0.012628269003152096,0.06356582003831046,0.3314397514010851
0.5855088669952625,0.006857292531412667,1.0187268246730519e-82,0.01262826900397711,0.0635658200239729,0.3314397514453749
0.5855088670294053,0.006857292533124035,1.0187268243320718e-82,0.012628269003015988,0.06356582004067607,0.3314397513937785
0.5855088670843636,0.00685729253587868,1.0187268237832566e-82,0.012628269001468961,0.06356582006756195,0.3314397513107269
0.5855088669809403,0.006857292530694892,1.0187268248161067e-82,0.012628269004380221,0.0635658200169671,0.33143975146701754
0.5855088670627432,0.006857292534794964,1.0187268239991539e-82,0.012628269002077572,0.06356582005698469,0.3314397513433996
0.5855088669368429,0.006857292528484605,1.0187268252564536e-82,0.012628269005621534,0.06356581999539435,0.3314397515336567
0.5855088671805672,0.006857292540700613,1.0187268228224682e-82,0.012628268998760921,0.063565820114625,0.33143975116534624
0.02670077981529346,1.6063005960948774e-5,8.49431989536217e-76,0.9581833182307606,2.145479735831509e-4,0.014885290974401865
0.5855088645272418,0.006857292407710062,1.0187268493201336e-82,0.012628269073449572,0.06356581881661051,0.3314397551749881
0.5855088670246154,0.006857292532883898,1.0187268243799209e-82,0.01262826900315086,0.06356582003833243,0.33143975140101734
0.5855088669915576,0.006857292531227011,1.0187268247100361e-82,0.012628269004081398,0.06356582002216073,0.33143975145097326
0.5855088644895572,0.006857292405821228,1.0187268496964798e-82,0.012628269074510345,0.06356581879817509,0.3314397552319361
0.026700779818682754,1.6063005963578432e-5,8.494319890481726e-76,0.9581833182254053,2.1454797361795955e-4,0.014885290976330541
0.5855088669330192,0.006857292528292929,1.0187268252946515e-82,0.01262826900572917,0.06356581999352348,0.3314397515394352
0.5855088672029691,0.0068572925418233935,1.0187268225987702e-82,0.012628268998130342,0.06356582012558361,0.3314397511314935
0.5855088644657559,0.006857292404628252,1.0187268499341919e-82,0.012628269075180346,0.06356581878653143,0.33143975526790415
0.5855088670661772,0.006857292534967091,1.0187268239648566e-82,0.012628269001980932,0.06356582005866468,0.3314397513382101
0.026700779823802638,1.606300596755076e-5,8.494319883109307e-76,0.9581833182173153,2.145479736705428e-4,0.014885290979244063
0.02670077984005574,1.606300598016107e-5,8.494319859706137e-76,0.9581833181916335,2.145479738374693e-4,0.014885290988493014
0.5855088643476297,0.006857292398707537,1.018726851113882e-82,0.01262826907850549,0.06356581872874395,0.33143975544641324
0.5855088670263887,0.0068572925329728395,1.0187268243621797e-82,0.012628269003100932,0.06356582003920026,0.33143975139833726
0.5855088671276195,0.006857292538046743,1.0187268233512312e-82,0.012628269000251345,0.06356582008872277,0.33143975124535957
0.5855088669595958,0.006857292529624967,1.0187268250292303e-82,0.012628269004981076,0.06356582000652455,0.3314397514992736
0.5855088670284171,0.0068572925330744865,1.0187268243419541e-82,0.012628269003043795,0.06356582004019254,0.33143975139527204
0.5855088671627208,0.006857292539806098,1.0187268230006875e-82,0.012628268999263314,0.06356582010589433,0.3314397511923155
0.5855088643515439,0.006857292398903698,1.0187268510747593e-82,0.01262826907839532,0.06356581873065856,0.33143975544049853
0.026700779795833265,1.606300594585021e-5,8.49431992338305e-76,0.9581833182615097,2.1454797338328694e-4,0.014885290963327871
0.026700779866816234,1.606300600092377e-5,8.494319821173326e-76,0.9581833181493493,2.1454797411231145e-4,0.014885291003721273
0.5855088671248474,0.006857292537907827,1.0187268233789116e-82,0.012628269000329387,0.06356582008736686,0.33143975124954855
0.5855088643800146,0.006857292400330759,1.018726850790441e-82,0.012628269077593854,0.06356581874458692,0.3314397553974738
0.026700779825832337,1.606300596912556e-5,8.494319880186925e-76,0.958183318214108,2.1454797369138855e-4,0.01488529098039907
0.026700779906518937,1.6063006031727792e-5,8.49431976400464e-76,0.9581833180866147,2.1454797452007268e-4,0.014885291026314392
0.5855088643799878,0.00685729240032942,1.0187268507907297e-82,0.012628269077594635,0.06356581874457391,0.33143975539751425
0.58550886718779,0.006857292541062626,1.0187268227503484e-82,0.012628268998557617,0.06356582011815834,0.3314397511544313
0.5855088669391043,0.006857292528597905,1.0187268252338873e-82,0.012628269005557951,0.06356581999650016,0.3314397515302397
0.5855088670329729,0.00685729253330286,1.0187268242964743e-82,0.012628269002915585,0.06356582004242142,0.33143975138838716
0.026700779912340263,1.6063006036244382e-5,8.494319755622069e-76,0.9581833180774166,2.1454797457985992e-4,0.014885291029627061
0.026700779857458928,1.606300599366367e-5,8.494319834646965e-76,0.9581833181641348,2.145479740162071e-4,0.014885290998396434
0.5855088670255547,0.006857292532930939,1.0187268243705596e-82,0.012628269003124425,0.06356582003879166,0.33143975139959825
0.585508867192518,0.006857292541299616,1.0187268227031358e-82,0.012628268998424529,0.0635658201204713,0.33143975114728647
0.5855088670898968,0.0068572925361560086,1.018726823727982e-82,0.012628269001313204,0.06356582007026869,0.33143975130236525
0.026700779815595026,1.606300596118279e-5,8.494319894927659e-76,0.958183318230284,2.1454797358624837e-4,0.01488529097457347
0.5855088670748843,0.006857292535403539,1.018726823877914e-82,0.012628269001735823,0.06356582006292448,0.331439751325052
0.5855088670367354,0.006857292533491381,1.0187268242588832e-82,0.012628269002809696,0.06356582004426148,0.331439751382702
0.5855088671500381,0.0068572925391703985,1.0187268231273596e-82,0.012628268999620312,0.06356582009968978,0.33143975121148134
0.02670077988234444,1.606300601297155e-5,8.494319798813606e-76,0.9581833181248132,2.1454797427179035e-4,0.014885291012557715
0.585508867070445,0.00685729253518104,1.0187268239222086e-82,0.012628269001860738,0.06356582006075294,0.33143975133176024
0.5855088670743843,0.006857292535378456,1.0187268238828836e-82,0.012628269001749905,0.06356582006267975,0.3314397513258075
0.5855088670042372,0.006857292531862534,1.0187268245834222e-82,0.012628269003724468,0.06356582002836356,0.3314397514318123
0.5855088671604596,0.006857292539692715,1.018726823023283e-82,0.012628268999326979,0.0635658201047877,0.3314397511957331
0.5855088671065353,0.00685729253698994,1.0187268235617832e-82,0.01262826900084488,0.06356582007840808,0.3314397512772218
0.5855088670533959,0.006857292534326465,1.0187268240925107e-82,0.012628269002340705,0.06356582005241215,0.33143975135752485
0.5855088671492188,0.0068572925391293445,1.0187268231355656e-82,0.012628268999643352,0.06356582009928917,0.3314397512127193
0.5855088644564241,0.006857292404160566,1.0187268500274044e-82,0.012628269075443005,0.06356581878196664,0.33143975528200553
0.5855088669782491,0.0068572925305600135,1.018726824842978e-82,0.012628269004456,0.06356582001565059,0.3314397514710843
0.585508867042968,0.006857292533803814,1.0187268241966453e-82,0.012628269002634218,0.06356582004731082,0.3314397513732832
0.5855088671693697,0.0068572925401393986,1.0187268229343176e-82,0.012628268999076129,0.06356582010914741,0.3314397511822674
0.585508867200247,0.006857292541686941,1.0187268226259308e-82,0.01262826899820699,0.06356582012425188,0.33143975113560725
0.5855088671874467,0.006857292541045381,1.0187268227537871e-82,0.012628268998567302,0.06356582011799007,0.3314397511549506
0.5855088670128019,0.006857292532291816,1.0187268244978667e-82,0.01262826900348338,0.06356582003255341,0.33143975141886944
0.5855088671233543,0.006857292537832952,1.0187268233938504e-82,0.012628269000371407,0.06356582008663603,0.33143975125180547
0.026700779880612206,1.6063006011627646e-5,8.494319801307992e-76,0.9581833181275502,2.1454797425400076e-4,0.014885291011571962
0.5855088671073188,0.006857292537029239,1.0187268235540103e-82,0.012628269000822822,0.06356582007879163,0.3314397512760376
0.5855088645567904,0.006857292409191155,1.0187268490250374e-82,0.012628269072617776,0.06356581883106613,0.3314397551303346
0.5855088643342441,0.006857292398036645,1.0187268512475172e-82,0.01262826907888226,0.06356581872219595,0.33143975546664095
0.585508867107909,0.006857292537058783,1.0187268235480874e-82,0.012628269000806209,0.06356582007908006,0.331439751275146
0.5855088645823592,0.0068572924104727245,1.0187268487696997e-82,0.01262826907189807,0.06356581884357451,0.33143975509169554
0.5855088645566314,0.006857292409183132,1.0187268490266557e-82,0.012628269072622263,0.06356581883098796,0.3314397551305753
0.5855088669728257,0.0068572925302880896,1.0187268248971263e-82,0.012628269004608667,0.0635658200129968,0.33143975147928084
0.5855088670593777,0.006857292534626297,1.0187268240327573e-82,0.012628269002172307,0.06356582005533853,0.3314397513484852
0.585508867016725,0.006857292532488527,1.0187268244587148e-82,0.012628269003372886,0.06356582003447336,0.3314397514129402
0.5855088669517344,0.006857292529230979,1.0187268251077643e-82,0.012628269005202393,0.06356582000267907,0.33143975151115307
0.5855088670452235,0.006857292533916857,1.0187268241740787e-82,0.012628269002570757,0.06356582004841423,0.3314397513698746
0.5855088645061288,0.0068572924066518945,1.0187268495310027e-82,0.01262826907404388,0.0635658188062825,0.33143975520689284
0.5855088670195091,0.006857292532627965,1.0187268244309191e-82,0.012628269003294583,0.06356582003583434,0.3314397514087341
0.5855088669921605,0.006857292531257177,1.0187268247039977e-82,0.012628269004064434,0.06356582002245532,0.33143975145006244
